hh = [   26   00 00   -3.14
         26   00 05   -3.32
         26   00 10   -3.47
         26   00 15   -3.61
         26   00 20   -3.72
         26   00 25   -2.80
         26   00 30   -1.86
         26   00 35   -2.88
         26   00 40   -2.86
         26   00 45   -2.81
         26   00 50   -2.71
         26   00 55   -1.57
         26   01 00   -1.38
         26   01 05   -1.15
         26   01 10   -0.86
         26   01 15   -1.53
         26   01 20   -1.13
         26   01 25   -1.68
         26   01 30   -1.18
         26   01 35   -1.61
         26   01 40   -0.98
         26   01 45   -1.28
         26   01 50   -0.53
         26   01 55    0.29
         26   02 00    1.18
         26   02 05    1.13
         26   02 10    1.15
         26   02 15    1.24
         26   02 20    1.39
         26   02 25    1.61
         26   02 30    1.90
         26   02 35    2.24
         26   02 40    2.66
         26   02 45    3.13
         26   02 50    2.67
         26   02 55    3.27
         26   03 00    3.93
         26   03 05    3.64
         26   03 10    4.41
         26   03 15    4.22
         26   03 20    5.09
         26   03 25    5.01
         26   03 30    5.96
         26   03 35   19.96
         26   03 40   69.00
         26   03 45   10.07
         26   03 50  -48.82
         26   03 55 -169.69
         26   04 00 -106.53
         26   04 05   48.65
         26   04 10   43.86
         26   04 15  -42.93
         26   04 20 -127.70
         26   04 25 -100.46
         26   04 30 -119.21
         26   04 35 -159.96
         26   04 40 -156.71
         26   04 45  104.55
         26   04 50  -80.21
         26   04 55  -52.97
         26   05 00  -91.74
         26   05 05 -152.53
         26   05 10 -111.32
         26   05 15   0
         26   05 20  109.03
         26   05 25  106.18
         26   05 30  125.31
         26   05 35   92.41
         26   05 40  -42.51
         26   05 45 -143.46
         26   05 50  -74.43
         26   05 55   56.57
         26   06 00   21.54
         26   06 05  -57.52
         26   06 10 -138.61
         26   06 15  -39.73
         26   06 20   19.11
         26   06 25  -54.07
         26   06 30  -99.29
         26   06 35  -38.55
         26   06 40   76.17
         26   06 45   54.84
         26   06 50   63.49
         26   06 55  106.10
         26   07 00  102.67
         26   07 05  117.20
         26   07 10   46.70
         26   07 15  132.16
         26   07 20   72.58
         26   07 25  -27.04
         26   07 30  -34.69
         26   07 35  -18.39
         26   07 40  -10.13
         26   07 45 -128.91
         26   07 50 -129.73
         26   07 55 -128.60
         26   08 00  -99.51
         26   08 05 -115.46
         26   08 10  -25.46
         26   08 15  114.49
         26   08 20  144.39
         26   08 25  194.25
         26   08 30  150.06
         26   08 35  113.82
         26   08 40   -0.47
         26   08 45   93.19
         26   08 50  138.80
         26   08 55   48.35
         26   09 00   47.86
         26   09 05   65.31
         26   09 10   44.71
         26   09 15 -132.94
         26   09 20 -124.64
         26   09 25  -11.40
         26   09 30  -16.21
         26   09 35 -131.07
         26   09 40  -61.98
         26   09 45   25.06
         26   09 50  184.05
         26   09 55  122.99
         26   10 00   75.88
         26   10 05  143.72
         26   10 10  119.52
         26   10 15  102.28
         26   10 20   54.99
         26   10 25 -124.34
         26   10 30 -131.71
         26   10 35  -67.11
         26   10 40  -68.56
         26   10 45   -7.03
         26   10 50   -8.54
         26   10 55 -156.08
         26   11 00 -146.65
         26   11 05 -116.25
         26   11 10   22.13
         26   11 15   92.49
         26   11 20   68.84
         26   11 25   23.16
         26   11 30   55.47
         26   11 35   69.77
         26   11 40   98.06
         26   11 45  150.35
         26   11 50   84.63
         26   11 55  -53.09];