gauge_x = [9.65119e+06
9.27049e+06
8.93654e+06
8.705e+06
8.49016e+06
8.88644e+06
8.14619e+06
8.18403e+06
8.14507e+06
8.05713e+06
6.40073e+06
6.01112e+06
6.18144e+06
8.2152e+06
7.69201e+06
];
gauge_y = [2.30381e+06
1.99658e+06
1.47113e+06
977833
1.11548e+06
773315
755377
465719
-75697.4
-814822
2.29076e+06
1.92078e+06
-521544
1.73761e+06
2.57161e+06
];
gauge_T = [0
414.174
621.261
0
828.348
1242.52
1449.61
1656.7
1863.78
2070.87
2277.96
2485.04
0
2692.13
2899.22
3106.3
3313.39
3520.48
3727.57
3934.65
4141.74
4348.83
4555.91
4970.09
5177.17
5384.26
5591.35
5798.44
6005.52
6212.61
6419.7
6626.78
6833.87
7040.96
7248.04
7455.13
7662.22
7869.31
8076.39
8283.48
8490.57
8697.65
8904.74
9111.83
9318.91
9526
9733.09
0
9940.17
10147.3
10354.3
10561.4
10768.5
10975.6
11182.7
11389.8
11596.9
11804
12011
12218.1
12425.2
12632.3
12839.4
13046.5
13253.6
13460.7
13667.7
13874.8
14081.9
14289
14496.1
14703.2
14910.3
15117.3
15324.4
15531.5
15738.6
15945.7
16152.8
16359.9
16567
16774
16981.1
17188.2
17395.3
17602.4
17809.5
18016.6
18223.7
18430.7
18637.8
18844.9
19052
19259.1
19466.2
19673.3
19880.3
20087.4
20294.5
20501.6
20708.7
20915.8
21122.9
21330
21537
21744.1
21951.2
22158.3
22365.4
22572.5
22779.6
22986.7
23193.7
23400.8
23607.9
23815
24022.1
24229.2
24436.3
24643.4
24850.4
25057.5
25264.6
25471.7
25678.8
25885.9
26093
26300
26507.1
26714.2
26921.3
27128.4
27335.5
27542.6
27749.7
27956.7
28163.8
28370.9
28578
28785.1
28992.2
29199.3
29406.4
29613.4
29820.5
30027.6
30234.7
30441.8
30648.9
30856
31063
31270.1
31477.2
31684.3
31891.4
32098.5
32305.6
32512.7
32719.7
32926.8
33133.9
33341
33548.1
33755.2
33962.3
34169.4
34376.4
34583.5
34790.6
34997.7
35204.8
35411.9
35619
35826
];
gauge_eta = [0	3.4542e-05	6.62818e-05	0	0.000101772	0.000175165	0.000210124	0.000242541	0.00027192	0.000298405	0.000322932	0.000347136	0	0.000373072	0.000402797	0.000438026	0.000479708	0.000527863	0.000581495	0.000638646	0.000696489	0.000751444	0.000799231	0.000853373	0.000848935	0.000816544	0.000752085	0.000653175	0.00051982	0.00035484	0.000163849	-4.5336e-05	-0.000262643	-0.000476956	-0.000681913	-0.00086764	-0.00100154	-0.0010688	-0.0011503	-0.00135234	-0.00159915	-0.00167205	-0.00146208	-0.000730095	0.000984055	0.00258428	-0.000152898	0	-0.0107725	-0.0210501	-0.00488298	0.0430901	0.117612	0.214488	0.314501	0.385911	0.405193	0.375597	0.311455	0.230114	0.151919	0.0949434	0.0712377	0.0778593	0.105151	0.137705	0.154227	0.137942	0.0876166	0.0108288	-0.0824123	-0.18352	-0.262407	-0.306764	-0.307626	-0.268767	-0.194758	-0.101594	-0.0142525	0.0447392	0.0691127	0.0691494	0.0621385	0.0678444	0.0960524	0.14803	0.217503	0.28837	0.341236	0.359949	0.340282	0.282523	0.191692	0.0774255	-0.0471926	-0.17634	-0.286745	-0.367698	-0.412825	-0.42076	-0.400939	-0.36185	-0.309549	-0.249057	-0.184713	-0.118263	-0.0468236	0.033578	0.125323	0.225234	0.323932	0.410659	0.469718	0.490745	0.475384	0.428896	0.355965	0.263762	0.161995	0.0600154	-0.0394084	-0.125885	-0.185549	-0.22333	-0.246206	-0.253033	-0.245105	-0.225431	-0.19434	-0.150235	-0.0921008	-0.0196204	0.0658377	0.153976	0.222399	0.260708	0.264999	0.240708	0.195836	0.138597	0.0760281	0.0139706	-0.0426273	-0.0908163	-0.13316	-0.169375	-0.201451	-0.23492	-0.274815	-0.324088	-0.372401	-0.40192	-0.405914	-0.37681	-0.315183	-0.224572	-0.109803	0.0195004	0.146186	0.249293	0.318786	0.354037	0.358785	0.346474	0.327895	0.307802	0.286822	0.263082	0.23472	0.201188	0.163342	0.123759	0.08351	0.0428462	
0	0	0	0	0	2.24977e-12	-3.51239e-11	4.57542e-10	-3.46291e-09	7.9617e-09	4.44275e-08	-2.07425e-07	0	-2.70364e-07	1.42944e-06	2.60226e-06	-2.82054e-06	-1.3367e-05	-1.57505e-05	1.5341e-06	3.42759e-05	6.46726e-05	7.55759e-05	2.65175e-05	-4.32654e-05	0.000108844	0.000281384	-0.000437353	-0.0019006	-0.00213925	0.000409526	0.00500483	0.00950247	0.0123506	0.0133889	0.0132461	0.012669	0.0122207	0.0106573	0.00685192	0.00754022	0.0120582	-0.0156619	-0.0938138	-0.119563	0.0791758	0.532066	0	1.03517	1.3093	1.20775	0.769946	0.141502	-0.481576	-0.854331	-0.774543	-0.260828	0.409223	0.89274	0.978525	0.627287	-0.0651111	-0.874992	-1.4805	-1.62945	-1.34129	-0.875809	-0.444785	-0.0261249	0.497437	1.08106	1.47863	1.45356	0.97735	0.238035	-0.499668	-1.03975	-1.31605	-1.36131	-1.23811	-0.996385	-0.676149	-0.322	0.0224431	0.328942	0.57638	0.72333	0.706063	0.483672	0.092903	-0.33841	-0.6359	-0.659789	-0.37975	0.105717	0.628885	1.0417	1.26802	1.3003	1.16783	0.910072	0.567847	0.184606	-0.192897	-0.518797	-0.757496	-0.892791	-0.926651	-0.86586	-0.711399	-0.4675	-0.164765	0.130328	0.336857	0.396085	0.295162	0.0681484	-0.217364	-0.478865	-0.63928	-0.646363	-0.484703	-0.176389	0.226468	0.649823	1.0083	1.22551	1.2591	1.11424	0.835698	0.485666	0.122388	-0.21144	-0.490253	-0.700552	-0.833057	-0.877972	-0.828307	-0.689691	-0.488376	-0.269571	-0.0852503	0.0225994	0.0352	-0.0385606	-0.16714	-0.306958	-0.41315	-0.448878	-0.395112	-0.259249	-0.0747086	0.113379	0.268731	0.375967	0.436888	0.457985	0.442592	0.392597	0.31316	0.212881	0.100308	-0.0168839	-0.128022	-0.216099	-0.261285	-0.251641	-0.193577	-0.112184	-0.0389377	0.00496682	0.0180924	0.0157098	0.0178808	
0	0	0	0	8.79948e-14	8.99774e-11	-9.83186e-10	8.89137e-09	-6.7059e-08	3.31085e-07	-2.09228e-07	-5.14194e-06	0	1.07303e-05	5.4929e-05	3.15833e-05	-0.000143591	-0.000363201	-0.000409221	-0.00014982	0.000450749	0.00138795	0.0026196	0.00558471	0.00704284	0.00831933	0.00934385	0.0100823	0.0105369	0.010747	0.0107815	0.0107264	0.0106742	0.0107017	0.0108308	0.0110547	0.0113759	0.0113983	0.0110588	0.0125989	0.0147477	0.00359102	-0.0337701	-0.0777751	-0.0677293	0.0542363	0.287792	0	0.573988	0.834065	0.995597	1.0138	0.915877	0.805069	0.760137	0.760971	0.729606	0.606128	0.385424	0.0975504	-0.21029	-0.492491	-0.722618	-0.890631	-0.993595	-1.03223	-1.01957	-0.991074	-0.984571	-1.01074	-1.04664	-1.05799	-1.0274	-0.963858	-0.879974	-0.773423	-0.633588	-0.452875	-0.237511	-0.00662052	0.219001	0.428916	0.626306	0.817668	0.995964	1.13961	1.22696	1.25224	1.22875	1.17759	1.11193	1.03156	0.92924	0.798753	0.637489	0.44435	0.219903	-0.0294809	-0.286339	-0.522223	-0.710982	-0.837061	-0.897931	-0.90265	-0.867099	-0.804287	-0.721838	-0.625731	-0.52147	-0.414504	-0.309803	-0.21087	-0.119122	-0.0354912	0.0363746	0.0914625	0.126963	0.144699	0.150691	0.151896	0.152062	0.149717	0.139403	0.115467	0.0759971	0.0251724	-0.0267433	-0.0660364	-0.080027	-0.0617341	-0.011077	0.0667321	0.163185	0.266997	0.364678	0.442252	0.488594	0.498793	0.475297	0.425965	0.360258	0.285814	0.207021	0.125544	0.0416057	-0.0452431	-0.135819	-0.231253	-0.331375	-0.43106	-0.52251	-0.597493	-0.64867	-0.670301	-0.658958	-0.614424	-0.540145	-0.44336	-0.334745	-0.226848	-0.131433	-0.0566316	-0.00503194	0.026642	0.0457098	0.0605881	0.0745098	0.0867087	0.0986622	0.112936	0.132655	0.160101	0.194878	0.232802	
