hh=[  26   00 00    1.10
      26   00 05    0.66
      26   00 10    0.14
      26   00 15   -0.45
      26   00 20   -1.12
      26   00 25   -1.87
      26   00 30   -0.70
      26   00 35    0.41
      26   00 40    1.44
      26   00 45    2.40
      26   00 50    1.29
      26   00 55    2.12
      26   01 00    2.89
      26   01 05    3.60
      26   01 10    5.27
      26   01 15    4.88
      26   01 20    4.46
      26   01 25    4.00
      26   01 30    5.52
      26   01 35    5.01
      26   01 40    4.48
      26   01 45    5.95
      26   01 50    5.41
      26   01 55    4.88
      26   02 00    5.36
      26   02 05    5.85
      26   02 10    6.37
      26   02 15    5.92
      26   02 20    5.51
      26   02 25    5.14
      26   02 30    4.82
      26   02 35    4.55
      26   02 40    4.34
      26   02 45    3.19
      26   02 50    4.11
      26   02 55    4.11
      26   03 00    3.17
      26   03 05    3.31
      26   03 10    2.53
      26   03 15    1.83
      26   03 20    2.21
      26   03 25    1.67
      26   03 30    2.22
      26   03 35    1.85
      26   03 40    1.56
      26   03 45    1.35
      26   03 50    1.22
      26   03 55    1.17
      26   04 00    1.20
      26   04 05    1.31
      26   04 10    0.49
      26   04 15    0.74
      26   04 20    1.07
      26   04 25    0.46
      26   04 30    0.92
      26   04 35    1.45
      26   04 40    1.05
      26   04 45    0.71
      26   04 50    0.43
      26   04 55    0.22
      26   05 00    0.07
      26   05 05    0.98
      26   05 10    0.95
      26   05 15    1.99
      26   05 20    1.08
      26   05 25    1.25
      26   05 30    1.48
      26   05 35    0.77
      26   05 40    0.13
      26   05 45   -0.44
      26   05 50   -0.94
      26   05 55   -1.37
      26   06 00   -1.73
      26   06 05   -2.01
      26   06 10   -2.22
      26   06 15   -1.35
      26   06 20   -0.41
      26   06 25   -0.39
      26   06 30   -0.29
      26   06 35   -0.12
      26   06 40    0.13
      26   06 45    0.45
      26   06 50    0.85
      26   06 55    4.32
      26   07 00   12.85
      26   07 05   17.45
      26   07 10   21.12
      26   07 15   31.84
      26   07 20   58.62
      26   07 25   57.44
      26   07 30   24.31
      26   07 35   -8.78
      26   07 40  -29.84
      26   07 45  -22.88
      26   07 50  -13.89
      26   07 55  -37.90
      26   08 00  -34.89
      26   08 05   25.10
      26   08 10   39.09
      26   08 15    1.07
      26   08 20  -11.99
      26   08 25  -13.07
      26   08 30  -42.19
      26   08 35  -29.36
      26   08 40  -16.58
      26   08 45  -21.86
      26   08 50  -31.20
      26   08 55   -9.61
      26   09 00  -14.10
      26   09 05  -24.67
      26   09 10   -9.33
      26   09 15    4.93
      26   09 20   14.09
      26   09 25    5.15
      26   09 30    7.12
      26   09 35    7.98
      26   09 40    8.75
      26   09 45  -27.60
      26   09 50  -26.05
      26   09 55  -12.61
      26   10 00   16.73
      26   10 05   49.96
      26   10 10   47.07
      26   10 15   22.08
      26   10 20    8.98
      26   10 25  -14.22
      26   10 30  -53.54
      26   10 35  -56.96
      26   10 40  -24.49
      26   10 45  -12.12
      26   10 50   -3.87
      26   10 55   18.28
      26   11 00   38.33
      26   11 05   46.27
      26   11 10   28.10
      26   11 15   25.82
      26   11 20   -2.56
      26   11 25  -15.06
      26   11 30    4.34
      26   11 35   27.63
      26   11 40    0.80
      26   11 45  -10.14
      26   11 50    8.81
      26   11 55   23.65];