hh = [   26   00 00  -12.93
         26   00 06  -12.28
         26   00 12  -12.86
         26   00 18  -13.68
         26   00 24  -12.76
         26   00 30  -14.08
         26   00 36  -13.66
         26   00 42  -14.50
         26   00 48  -13.60
         26   00 54  -13.95
         26   01 00  -11.57
         26   01 06  -11.44
         26   01 12  -11.58
         26   01 18  -10.96
         26   01 24  -10.59
         26   01 30  -10.47
         26   01 36   -8.58
         26   01 42   -7.93
         26   01 48   -7.50
         26   01 54   -7.30
         26   02 00   -7.31
         26   02 06   -7.52
         26   02 12   -7.94
         26   02 18   -8.54
         26   02 24   -9.33
         26   02 30  -10.29
         26   02 36   -8.42
         26   02 42   -8.70
         26   02 48   -8.13
         26   02 54   -7.70
         26   03 00   -7.39
         26   03 06   -8.20
         26   03 12   -8.11
         26   03 18   -8.12
         26   03 24   -9.22
         26   03 30  -10.39
         26   03 36  -10.62
         26   03 42   -8.90
         26   03 48   -9.22
         26   03 54  -10.56
         26   04 00   -9.91
         26   04 06  -10.27
         26   04 12   -9.62
         26   04 18   -9.94
         26   04 24   -9.22
         26   04 30  -10.45
         26   04 36   -8.63
         26   04 42   -8.73
         26   04 48   -7.74
         26   04 54   -7.66
         26   05 00   -8.48
         26   05 06   -7.17
         26   05 12   -6.74
         26   05 18   -7.17
         26   05 24   -6.46
         26   05 30   -6.60
         26   05 36   -5.57
         26   05 42   -5.38
         26   05 48   -4.02
         26   05 54   -4.48
         26   06 00   -4.76
         26   06 06   -4.86
         26   06 12   -4.77
         26   06 18   -5.49
         26   06 24   -7.02
         26   06 30   -7.35
         26   06 36   -5.49
         26   06 42   -5.44
         26   06 48   -6.19
         26   06 54   -5.75
         26   07 00   -6.12
         26   07 06  -10.29
         26   07 12   -6.28
         26   07 18   -6.07
         26   07 24   -6.67
         26   07 30   -8.09
         26   07 36   -7.31
         26   07 42   -7.35
         26   07 48   -8.21
         26   07 54   -8.88
         26   08 00   -9.36
         26   08 06   -9.66
         26   08 12  -10.78
         26   08 18  -10.72
         26   08 24  -10.48
         26   08 30  -12.06
         26   08 36  -11.46
         26   08 42  -11.69
         26   08 48  -11.74
         26   08 54  -11.63
         26   09 00  -12.35
         26   09 06   -6.91
         26   09 12   -4.31
         26   09 18   -1.56
         26   09 24   -4.66
         26   09 30   -7.63
         26   09 36  -11.48
         26   09 42  -10.20
         26   09 48   -1.82
         26   09 54   -3.34
         26   10 00   -7.78
         26   10 06   -4.16
         26   10 12  -11.48
         26   10 18  -18.76
         26   10 24  -20.02
         26   10 30  -15.28
         26   10 36  -12.55
         26   10 42  -10.86
         26   10 48  -15.22
         26   10 54  -18.65
         26   11 00  -20.17
         26   11 06  -16.80
         26   11 12  -12.57
         26   11 18  -13.48
         26   11 24  -15.57
         26   11 30  -13.84
         26   11 36  -17.32
         26   11 42  -15.02
         26   11 48  -13.96
         26   11 54   -4.16];