tuti_h = [   26   00 00   -6.76
   26   00 06   -6.35
   26   00 12   -4.22
   26   00 18   -4.12
   26   00 24   -5.24
   26   00 30   -5.95
   26   00 36   -7.12
   26   00 42   -7.03
   26   00 48   -6.73
   26   00 54   -8.71
   26   01 00   -9.37
   26   01 06   -9.75
   26   01 12   -9.52
   26   01 18   -9.35
   26   01 24   -8.94
   26   01 30   -8.26
   26   01 36   -8.69
   26   01 42   -9.84
   26   01 48  -10.76
   26   01 54  -10.03
   26   02 00   -8.16
   26   02 06   -7.67
   26   02 12   -7.63
   26   02 18   -8.32
   26   02 24   -8.69
   26   02 30   -8.14
   26   02 36   -7.82
   26   02 42   -8.40
   26   02 48   -8.44
   26   02 54   -8.54
   26   03 00   -8.69
   26   03 06   -8.06
   26   03 12   -7.15
   26   03 18   -7.01
   26   03 24   -6.76
   26   03 30   -7.12
   26   03 36   -7.51
   26   03 42   -7.92
   26   03 48   -7.90
   26   03 54   -8.29
   26   04 00   -9.78
   26   04 06  -11.75
   26   04 12  -13.80
   26   04 18  -14.84
   26   04 24    3.33
   26   04 30   64.23
   26   04 36   93.26
   26   04 42   46.86
   26   04 48  -10.68
   26   04 54  -18.26
   26   05 00   -9.41
   26   05 06  -14.83
   26   05 12  -27.91
   26   05 18  -32.74
   26   05 24  -49.08
   26   05 30  -77.00
   26   05 36  -88.03
   26   05 42  -76.41
   26   05 48  -56.82
   26   05 54  -43.54
   26   06 00  -31.91
   26   06 06  -40.97
   26   06 12  -39.58
   26   06 18  -29.42
   26   06 24    3.51
   26   06 30   35.75
   26   06 36   36.93
   26   06 42   31.27
   26   06 48    4.87
   26   06 54  -33.20
   26   07 00  -44.82
   26   07 06  -21.09
   26   07 12    4.58
   26   07 18   20.18
   26   07 24  -18.77
   26   07 30  -69.48
   26   07 36  -65.88
   26   07 42  -15.80
   26   07 48    5.77
   26   07 54   33.61
   26   08 00   56.31
   26   08 06   37.96
   26   08 12   -6.98
   26   08 18  -31.86
   26   08 24   -5.78
   26   08 30    3.10
   26   08 36  -24.88
   26   08 42  -13.52
   26   08 48  -12.29
   26   08 54  -20.42
   26   09 00  -64.89
   26   09 06 -103.04
   26   09 12  -95.25
   26   09 18   -6.76
   26   09 24   30.87
   26   09 30   35.05
   26   09 36    8.06
   26   09 42    0.40
   26   09 48  -29.60
   26   09 54  -85.45
   26   10 00  -95.28
   26   10 06  -57.01
   26   10 12   -8.88
   26   10 18    1.02
   26   10 24  -19.66
   26   10 30  -26.63
   26   10 36  -20.64
   26   10 42   80.16
   26   10 48   55.53
   26   10 54   24.10
   26   11 00  -16.32
   26   11 06  -23.24
   26   11 12   -8.63
   26   11 18  -11.94
   26   11 24  -33.05
   26   11 30  -57.38
   26   11 36  -50.08
   26   11 42  -30.03
   26   11 48  -18.14
   26   11 54   19.33];